203
231
167
186
97
237
126
183
92
249
156
222
247
4
183
212
121
202
15
33
102
137
59
87
109
224
173
25
150
66
141
133
115
114
197
39
54
80
133
5
80
84
28
73
230
81
199
76
253
16
21
59
86
171
156
80
254
118
146
69
106
196
124
51
122
255
25
192
199
73
169
108
164
79
205
177
114
144
46
82
142
58
201
193
173
28
111
65
211
220
198
49
236
84
56
35
222
150
72
34
83
229
32
206
122
63
31
218
14
184
32
115
73
143
197
247
54
171
35
184
42
237
86
54
13
20
163
193
201
179
86
120
169
141
72
171
10
129
233
13
245
46
160
152
125
210
92
173
246
174
153
189
231
33
14
112
52
251
249
248
233
217
192
82
105
47
250
248
240
228
194
54
174
117
209
44
235
131
166
175
144
40
141
81
128
156
19
81
38
192
170
33
0
155
159
89
176
115
105
21
110
74
209
68
194
76
127
21
57
175
6
61
70
150
251
84
142
219
148
59
58
52
51
151
68
52
73
249
144
0
117
175
106
234
196
121
238
32
129
173
144
141
42
214
22
56
224
192
113
158
172
230
180
36
189
80
