
434     1311    312     278     966
204     812     934     280     1071
626     620     809     620     626
1071    280     934     812     204
966     278     312     1311    434

7       375     236     190     27      17      181
351     223     14      47      293     98      7
456     232     121     114     72      23      15
16      65      270     331     270     65      16
15      23      72      114     121     232     456
7       98      293     47      14      223     351
181     17      27      190     236     375     7

272     138     341     131     151
366     199     130     320     18
226     245     91      245     226
18      320     130     199     366
151     131     341     138     272


